DENSE
30
8.66119e-116 0 0 3.0913e-116 0 0 0 0 0 6.65e-117 0 0 0 0 2.435e-117 0 0 0 0 0 0 0 0 1.4172e-116 0 0 0 0 2.4568e-116 0 
0 1.05933e-115 0 0 8.186e-117 0 0 0 0 0 0 0 1.1408e-116 0 0 1.3396e-116 5.089e-117 1.0007e-116 0 1.1113e-116 0 0 0 0 0 5.127e-117 3.1977e-116 0 0 0 
0 0 1.07888e-115 0 2.8729e-116 0 0 0 2.115e-116 0 0 0 0 2.3889e-116 0 0 0 0 0 0 0 0 2.4312e-116 0 0 0 0 0 0 0 
3.0913e-116 0 0 1.07729e-115 0 0 0 0 0 0 0 0 0 0 0 1.2366e-116 0 0 0 2.5546e-116 0 7.582e-117 0 0 7.977e-117 0 0 0 1.3551e-116 0 
0 8.186e-117 2.8729e-116 0 9.06489e-116 7.6e-119 2.332e-117 0 0 0 0 0 0 0 0 0 0 0 0 0 0 1.2106e-116 2.1994e-116 4.254e-117 0 4.731e-117 0 0 0 0 
0 0 0 0 7.6e-119 1.08898e-115 0 0 0 0 0 3.073e-116 0 0 0 0 0 0 0 0 0 0 0 0 3.2289e-116 3.1986e-116 0 3.917e-117 0 0 
0 0 0 0 2.332e-117 0 8.89912e-116 0 0 0 2.1788e-116 0 0 0 0 0 0 0 0 0 2.7443e-116 0 2.9338e-116 0 0 0 0 0 0 0 
0 0 0 0 0 0 0 1.36709e-115 0 0 0 0 0 0 0 0 0 2.421e-116 4.342e-117 0 1.9571e-116 0 2.571e-116 0 0 6.157e-117 0 0 0 2.5084e-116 
0 0 2.115e-116 0 0 0 0 0 7.62642e-116 0 0 0 0 0 0 0 0 0 0 0 0 0 1.4881e-116 2.6643e-116 0 0 0 4.529e-117 2.128e-117 0 
6.65e-117 0 0 0 0 0 0 0 0 2.72339e-116 0 0 0 0 0 0 0 0 0 0 0 0 0 0 1.1499e-116 0 0 0 0 6.609e-117 
0 0 0 0 0 0 2.1788e-116 0 0 0 8.31942e-116 0 0 0 0 0 0 0 0 0 3.1182e-116 0 0 0 0 6.152e-117 0 0 1.6509e-116 0 
0 0 0 0 0 3.073e-116 0 0 0 0 0 1.20617e-115 0 3.0726e-116 0 1.9287e-116 0 1.4975e-116 0 0 0 0 0 1.2944e-116 0 0 0 0 0 9.9e-118 
0 1.1408e-116 0 0 0 0 0 0 0 0 0 0 4.16175e-116 0 0 0 0 0 4.193e-117 0 2.2233e-116 0 0 0 0 0 0 0 0 0 
0 0 2.3889e-116 0 0 0 0 0 0 0 0 3.0726e-116 0 8.86623e-116 0 0 0 0 0 0 0 0 0 0 0 2.562e-117 0 2.3425e-116 0 0 
2.435e-117 0 0 0 0 0 0 0 0 0 0 0 0 0 2.43651e-116 0 0 0 0 0 0 0 0 1.9715e-116 0 0 0 0 0 0 
0 1.3396e-116 0 1.2366e-116 0 0 0 0 0 0 0 1.9287e-116 0 0 0 1.13356e-115 0 0 0 3.141e-116 0 0 0 0 0 0 2.6592e-116 0 0 0 
0 5.089e-117 0 0 0 0 0 0 0 0 0 0 0 0 0 0 2.66663e-116 0 0 0 0 0 0 0 0 0 0 0 0 1.9153e-116 
0 1.0007e-116 0 0 0 0 0 2.421e-116 0 0 0 1.4975e-116 0 0 0 0 0 1.13514e-115 8.519e-117 0 0 0 1.5378e-116 0 2.512e-117 0 0 2.0311e-116 7.282e-117 0 
0 0 0 0 0 0 0 4.342e-117 0 0 0 0 4.193e-117 0 0 0 0 8.519e-117 1.87595e-116 0 0 0 0 0 0 0 0 0 0 0 
0 1.1113e-116 0 2.5546e-116 0 0 0 0 0 0 0 0 0 0 0 3.141e-116 0 0 0 7.66624e-116 0 0 0 0 1.624e-117 0 0 0 0 0 
0 0 0 0 0 0 2.7443e-116 1.9571e-116 0 0 3.1182e-116 0 2.2233e-116 0 0 0 0 0 0 0 1.10765e-115 0 0 0 0 2.66e-118 0 0 0 0 
0 0 0 7.582e-117 1.2106e-116 0 0 0 0 0 0 0 0 0 0 0 0 0 0 0 0 6.73025e-116 7.896e-117 0 0 0 1.2917e-116 0 0 2.0683e-116 
0 0 2.4312e-116 0 2.1994e-116 0 2.9338e-116 2.571e-116 1.4881e-116 0 0 0 0 0 0 0 0 1.5378e-116 0 0 0 7.896e-117 1.8932e-115 0 1.4483e-116 0 0 0 0 0 
1.4172e-116 0 0 0 4.254e-117 0 0 0 2.6643e-116 0 0 1.2944e-116 0 0 1.9715e-116 0 0 0 0 0 0 0 0 9.31998e-116 0 0 0 0 6.999e-117 0 
0 0 0 7.977e-117 0 3.2289e-116 0 0 0 1.1499e-116 0 0 0 0 0 0 0 2.512e-117 0 1.624e-117 0 0 1.4483e-116 0 8.35836e-116 5.601e-117 0 0 0 0 
0 5.127e-117 0 0 4.731e-117 3.1986e-116 0 6.157e-117 0 0 6.152e-117 0 0 2.562e-117 0 0 0 0 0 0 2.66e-118 0 0 0 5.601e-117 6.88403e-116 0 0 0 0 
0 3.1977e-116 0 0 0 0 0 0 0 0 0 0 0 0 0 2.6592e-116 0 0 0 0 0 1.2917e-116 0 0 0 0 7.86347e-116 0 0 0 
0 0 0 0 0 3.917e-117 0 0 4.529e-117 0 0 0 0 2.3425e-116 0 0 0 2.0311e-116 0 0 0 0 0 0 0 0 0 5.74003e-116 0 0 
2.4568e-116 0 0 1.3551e-116 0 0 0 0 2.128e-117 0 1.6509e-116 0 0 0 0 0 0 7.282e-117 0 0 0 0 0 6.999e-117 0 0 0 0 8.58562e-116 7.014e-117 
0 0 0 0 0 0 0 2.5084e-116 0 6.609e-117 0 9.9e-118 0 0 0 0 1.9153e-116 0 0 0 0 2.0683e-116 0 0 0 0 0 0 7.014e-117 8.74864e-116 
